41
67
9
0
69
9
78
58
27
64
5
10
81
27
6
91
95
7
27
36
26
4
2
8
92
82
26
16
18
10
47
26
16
38
69
27
67
99
30
94
3
26
22
33
8
64
41
6
53
68
22
44
62
32
37
59
28
41
29
33
16
35
25
42
88
21
40
42
9
48
46
20
90
29
15
50
6
26
93
48
14
23
84
9
56
40
21
76
31
33
44
39
31
23
37
33
18
82
14
41
33
10
39
58
29
30
77
31
73
86
16
45
24
27
70
29
22
73
97
17
86
90
16
36
55
22
55
74
16
52
50
15
41
24
21
30
7
16
7
37
12
87
53
8
45
9
24
58
21
23
22
46
31
30
13
13
0
91
17
55
10
34
24
37
13
83
95
26
2
50
6
36
74
15
96
21
23
99
68
9
81
34
28
99
18
13
0
88
12
67
28
18
48
83
22
21
10
22
13
14
34
16
35
26
0
49
24
56
98
8
24
8
29
9
89
7
95
85
8
43
23
32
14
3
13
0
58
23
80
96
13
81
89
13
9
57
17
22
38
27
38
79
15
57
58
16
15
88
21
11
2
29
72
55
23
46
62
31
75
33
24
42
44
11
81
98
7
51
21
34
57
76
27
89
75
7
0
10
8
69
61
23
1
89
20
23
2
30
82
85
33
26
17
32
32
32
34
54
21
34
76
29
33
92
25
30
34
49
6
12
45
5
18
53
34
23
79
21
87
29
24
37
66
24
93
95
32
16
86
30
88
82
10
34
14
6
16
71
31
63
13
30
85
53
17
8
32
10
13
56
6
58
46
27
81
44
11
22
29
6
35
50
18
66
44
34
92
39
8
24
54
25
45
49
21
13
74
7
68
18
12
5
58
16
2
25
22
14
14
29
34
74
17
59
33
25
87
97
23
77
73
25
63
68
7
85
2
25
13
27
7
99
27
20
43
24
18
72
61
26
3
32
20
93
25
16
92
42
7
86
64
15
87
60
8
74
70
15
35
33
6
60
96
22
85
50
25
94
95
29
19
25
31
94
58
27
71
66
33
93
51
19
18
64
34
52
0
32
60
26
15
57
70
10
76
27
18
58
64
14
82
86
20
87
77
19
25
27
24
28
23
25
2
62
8
96
37
6
95
25
9
60
2
21
30
26
6
71
11
22
53
20
5
24
88
18
40
51
7
29
0
18
58
78
30
7
77
5
58
39
28
60
57
19
77
8
28
87
1
25
60
28
8
84
5
5
11
4
30
56
72
15
23
85
11
16
26
32
26
57
32
71
69
26
96
22
12
12
17
11
85
41
8
29
29
10
59
32
11
55
53
17
84
34
29
72
57
34
32
63
32
83
11
30
67
48
30
38
23
7
